8,400,000
13,692,000
21,246,400
31,393,600
44,172,800
59,192,000
75,549,600
91,834,400
102,300,800
108,528,000
111,781,600
115,136,000
118,591,200
122,147,200
125,809,600
129,584,000
132,176,800
134,820,000
137,519,200
140,268,800
143,074,400
145,936,000
148,853,600
151,832,800
154,868,000
157,964,800
160,333,600
162,736,000
165,177,600
167,652,800
172,720,800
177,945,600
183,327,200
188,865,600
194,572,000
200,452,000
206,511,200
212,749,600
219,178,400
225,803,200
232,629,600
239,657,600
246,904,000
254,363,200
262,052,000
269,970,400
278,129,600
286,535,200
295,198,400
304,124,800
313,320,000
322,789,600
332,550,400
342,602,400
352,956,800
363,624,800
374,617,600
385,935,200
397,600,000
409,617,600
421,999,200
434,750,400
447,893,600
461,434,400
475,384,000
489,748,000
504,554,400
519,803,200
535,511,200
551,695,200
568,372,000
585,547,200
603,243,200
621,476,800
640,264,800
659,618,400
679,554,400
700,095,200
721,252,000
743,052,800
765,508,800
788,642,400
812,476,000
837,032,000
862,332,800
888,395,200
915,247,200
942,911,200
971,415,200
1,000,776,000
1,031,027,200
1,062,191,200
1,094,296,000
1,127,369,600
1,161,445,600
1,196,552,000
1,232,716,800
1,269,973,600
1,308,361,600
1,347,908,800
1,388,648,800
1,430,620,800
1,473,864,000
1,518,412,000
1,564,304,000
1,611,584,800
1,660,299,200
1,710,480,800
1,762,180,000
1,815,441,600
1,870,316,000
1,926,848,000
1,985,088,000
2,045,086,400
2,106,899,200
2,170,576,800
